[<SECTION>_LEFT]
resolution = [NCOLS NROWS]
cx         = 645.562
cy         = 343.643
fx         = 698.9
fy         = 694.89
dist       = [0.0 0.0 0.0 0.0 0.0]
[<SECTION>_RIGHT]
resolution = [NCOLS NROWS]
cx         = 645.562
cy         = 343.643
fx         = 698.9
fy         = 694.89
dist       = [0.0 0.0 0.0 0.0 0.0]
[<SECTION>_LEFT2RIGHT_POSE]
pose_quaternion = [63.0 0.0 0.0 0.0 0.0 0.0 0.0]